攻撃,3,挑戦者,2,3,1,1
攻撃,3,フルチャージ,2,3,1,1
攻撃,3,逆恨み,2,3,1,1
攻撃,3,死中に活,2,3,1,1
攻撃,3,見切り,2,3,1,1
攻撃,3,弱点特効,2,3,1,1
攻撃,3,力の解放,2,3,1,1
攻撃,3,渾身,2,3,1,1
攻撃,3,会心撃【属性】,2,3,1,1
攻撃,3,麻痺属性強化,2,3,1,1
攻撃,3,睡眠属性強化,2,3,1,1
攻撃,3,爆破属性強化,2,3,1,1
攻撃,3,業物,2,3,1,1
攻撃,3,弾丸節約,2,3,1,1
攻撃,3,剛刃研磨,2,3,1,1
攻撃,3,弾導強化,2,3,1,1
攻撃,3,鈍器使い,2,3,1,1
攻撃,3,強化持続,2,3,1,1
攻撃,3,体術,3,3,1,1
攻撃,3,スタミナ急速回復,2,3,1,1
攻撃,3,ガード性能,2,3,1,1
攻撃,3,抜刀術【力】,2,3,1,1
攻撃,3,納刀術,2,3,1,1
攻撃,3,ＫＯ術,2,3,1,1
攻撃,3,通常弾・連射矢強化,2,3,1,1
攻撃,3,精霊の加護,2,3,1,1
攻撃,3,早食い,2,3,1,1
攻撃,3,耳栓,2,3,1,1
攻撃,3,泡沫の舞,2,3,1,1
攻撃,3,回避性能,2,3,1,1
攻撃,3,回避距離ＵＰ,2,3,1,1
攻撃,3,破壊王,2,3,1,1
攻撃,3,広域化,2,3,1,1
攻撃,3,火事場力,2,3,1,1
攻撃,3,翔蟲使い,3,3,1,1
攻撃,3,逆襲,2,3,1,1
攻撃,3,高速変形,2,3,1,1
攻撃,3,鬼火纏,2,3,1,1
挑戦者,3,攻撃,2,3,1,1
挑戦者,3,フルチャージ,2,3,1,1
挑戦者,3,逆恨み,2,3,1,1
挑戦者,3,死中に活,2,3,1,1
挑戦者,3,見切り,2,3,1,1
挑戦者,3,弱点特効,2,3,1,1
挑戦者,3,力の解放,2,3,1,1
挑戦者,3,渾身,2,3,1,1
挑戦者,3,会心撃【属性】,2,3,1,1
挑戦者,3,麻痺属性強化,2,3,1,1
挑戦者,3,睡眠属性強化,2,3,1,1
挑戦者,3,爆破属性強化,2,3,1,1
挑戦者,3,業物,2,3,1,1
挑戦者,3,弾丸節約,2,3,1,1
挑戦者,3,剛刃研磨,2,3,1,1
挑戦者,3,弾導強化,2,3,1,1
挑戦者,3,鈍器使い,2,3,1,1
挑戦者,3,強化持続,2,3,1,1
挑戦者,3,体術,3,3,1,1
挑戦者,3,スタミナ急速回復,2,3,1,1
挑戦者,3,ガード性能,2,3,1,1
挑戦者,3,抜刀術【力】,2,3,1,1
挑戦者,3,納刀術,2,3,1,1
挑戦者,3,ＫＯ術,2,3,1,1
挑戦者,3,通常弾・連射矢強化,2,3,1,1
挑戦者,3,精霊の加護,2,3,1,1
挑戦者,3,早食い,2,3,1,1
挑戦者,3,耳栓,2,3,1,1
挑戦者,3,泡沫の舞,2,3,1,1
挑戦者,3,回避性能,2,3,1,1
挑戦者,3,回避距離ＵＰ,2,3,1,1
挑戦者,3,破壊王,2,3,1,1
挑戦者,3,広域化,2,3,1,1
挑戦者,3,火事場力,2,3,1,1
挑戦者,3,翔蟲使い,3,3,1,1
挑戦者,3,逆襲,2,3,1,1
挑戦者,3,高速変形,2,3,1,1
挑戦者,3,鬼火纏,2,3,1,1
フルチャージ,2,回避距離ＵＰ,2,3,1,1
逆恨み,3,攻撃,2,3,1,1
逆恨み,3,挑戦者,2,3,1,1
逆恨み,3,フルチャージ,2,3,1,1
逆恨み,3,死中に活,2,3,1,1
逆恨み,3,見切り,2,3,1,1
逆恨み,3,弱点特効,2,3,1,1
逆恨み,3,力の解放,2,3,1,1
逆恨み,3,渾身,2,3,1,1
逆恨み,3,会心撃【属性】,2,3,1,1
逆恨み,3,麻痺属性強化,2,3,1,1
逆恨み,3,睡眠属性強化,2,3,1,1
逆恨み,3,爆破属性強化,2,3,1,1
逆恨み,3,業物,2,3,1,1
逆恨み,3,弾丸節約,2,3,1,1
逆恨み,3,剛刃研磨,2,3,1,1
逆恨み,3,弾導強化,2,3,1,1
逆恨み,3,鈍器使い,2,3,1,1
逆恨み,3,強化持続,2,3,1,1
逆恨み,3,体術,3,3,1,1
逆恨み,3,スタミナ急速回復,2,3,1,1
逆恨み,3,ガード性能,2,3,1,1
逆恨み,3,抜刀術【力】,2,3,1,1
逆恨み,3,納刀術,2,3,1,1
逆恨み,3,ＫＯ術,2,3,1,1
逆恨み,3,通常弾・連射矢強化,2,3,1,1
逆恨み,3,精霊の加護,2,3,1,1
逆恨み,3,早食い,2,3,1,1
逆恨み,3,耳栓,2,3,1,1
逆恨み,3,泡沫の舞,2,3,1,1
逆恨み,3,回避性能,2,3,1,1
逆恨み,3,回避距離ＵＰ,2,3,1,1
逆恨み,3,破壊王,2,3,1,1
逆恨み,3,広域化,2,3,1,1
逆恨み,3,火事場力,2,3,1,1
逆恨み,3,翔蟲使い,3,3,1,1
逆恨み,3,逆襲,2,3,1,1
逆恨み,3,高速変形,2,3,1,1
逆恨み,3,鬼火纏,2,3,1,1
死中に活,2,フルチャージ,2,3,1,1
死中に活,2,回避距離ＵＰ,2,3,1,1
見切り,3,攻撃,2,3,1,1
見切り,3,挑戦者,2,3,1,1
見切り,3,フルチャージ,2,3,1,1
見切り,3,逆恨み,2,3,1,1
見切り,3,死中に活,2,3,1,1
見切り,3,弱点特効,2,3,1,1
見切り,3,力の解放,2,3,1,1
見切り,3,渾身,2,3,1,1
見切り,3,会心撃【属性】,2,3,1,1
見切り,3,麻痺属性強化,2,3,1,1
見切り,3,睡眠属性強化,2,3,1,1
見切り,3,爆破属性強化,2,3,1,1
見切り,3,業物,2,3,1,1
見切り,3,弾丸節約,2,3,1,1
見切り,3,剛刃研磨,2,3,1,1
見切り,3,弾導強化,2,3,1,1
見切り,3,鈍器使い,2,3,1,1
見切り,3,強化持続,2,3,1,1
見切り,3,体術,3,3,1,1
見切り,3,スタミナ急速回復,2,3,1,1
見切り,3,ガード性能,2,3,1,1
見切り,3,抜刀術【力】,2,3,1,1
見切り,3,納刀術,2,3,1,1
見切り,3,ＫＯ術,2,3,1,1
見切り,3,通常弾・連射矢強化,2,3,1,1
見切り,3,精霊の加護,2,3,1,1
見切り,3,早食い,2,3,1,1
見切り,3,耳栓,2,3,1,1
見切り,3,泡沫の舞,2,3,1,1
見切り,3,回避性能,2,3,1,1
見切り,3,回避距離ＵＰ,2,3,1,1
見切り,3,破壊王,2,3,1,1
見切り,3,広域化,2,3,1,1
見切り,3,火事場力,2,3,1,1
見切り,3,翔蟲使い,3,3,1,1
見切り,3,逆襲,2,3,1,1
見切り,3,高速変形,2,3,1,1
見切り,3,鬼火纏,2,3,1,1
超会心,2,攻撃,2,3,1,1
超会心,2,挑戦者,2,3,1,1
超会心,2,フルチャージ,2,3,1,1
超会心,2,逆恨み,2,3,1,1
超会心,2,死中に活,2,3,1,1
超会心,2,見切り,2,3,1,1
超会心,2,弱点特効,2,3,1,1
超会心,2,力の解放,2,3,1,1
超会心,2,渾身,2,3,1,1
超会心,2,会心撃【属性】,2,3,1,1
超会心,2,麻痺属性強化,2,3,1,1
超会心,2,睡眠属性強化,2,3,1,1
超会心,2,爆破属性強化,2,3,1,1
超会心,2,業物,2,3,1,1
超会心,2,弾丸節約,2,3,1,1
超会心,2,剛刃研磨,2,3,1,1
超会心,2,弾導強化,2,3,1,1
超会心,2,鈍器使い,2,3,1,1
超会心,2,強化持続,2,3,1,1
超会心,2,体術,3,3,1,1
超会心,2,スタミナ急速回復,2,3,1,1
超会心,2,ガード性能,2,3,1,1
超会心,2,抜刀術【力】,2,3,1,1
超会心,2,納刀術,2,3,1,1
超会心,2,ＫＯ術,2,3,1,1
超会心,2,通常弾・連射矢強化,2,3,1,1
超会心,2,精霊の加護,2,3,1,1
超会心,2,早食い,2,3,1,1
超会心,2,耳栓,2,3,1,1
超会心,2,泡沫の舞,2,3,1,1
超会心,2,回避性能,2,3,1,1
超会心,2,回避距離ＵＰ,2,3,1,1
超会心,2,破壊王,2,3,1,1
超会心,2,広域化,2,3,1,1
超会心,2,火事場力,2,3,1,1
超会心,2,翔蟲使い,3,3,1,1
超会心,2,逆襲,2,3,1,1
超会心,2,高速変形,2,3,1,1
超会心,2,鬼火纏,2,3,1,1
弱点特効,2,フルチャージ,2,3,1,1
弱点特効,2,死中に活,2,3,1,1
弱点特効,2,回避距離ＵＰ,2,3,1,1
力の解放,3,攻撃,2,3,1,1
力の解放,3,挑戦者,2,3,1,1
力の解放,3,フルチャージ,2,3,1,1
力の解放,3,逆恨み,2,3,1,1
力の解放,3,死中に活,2,3,1,1
力の解放,3,見切り,2,3,1,1
力の解放,3,弱点特効,2,3,1,1
力の解放,3,渾身,2,3,1,1
力の解放,3,会心撃【属性】,2,3,1,1
力の解放,3,麻痺属性強化,2,3,1,1
力の解放,3,睡眠属性強化,2,3,1,1
力の解放,3,爆破属性強化,2,3,1,1
力の解放,3,業物,2,3,1,1
力の解放,3,弾丸節約,2,3,1,1
力の解放,3,剛刃研磨,2,3,1,1
力の解放,3,弾導強化,2,3,1,1
力の解放,3,鈍器使い,2,3,1,1
力の解放,3,強化持続,2,3,1,1
力の解放,3,体術,3,3,1,1
力の解放,3,スタミナ急速回復,2,3,1,1
力の解放,3,ガード性能,2,3,1,1
力の解放,3,抜刀術【力】,2,3,1,1
力の解放,3,納刀術,2,3,1,1
力の解放,3,ＫＯ術,2,3,1,1
力の解放,3,通常弾・連射矢強化,2,3,1,1
力の解放,3,精霊の加護,2,3,1,1
力の解放,3,早食い,2,3,1,1
力の解放,3,耳栓,2,3,1,1
力の解放,3,泡沫の舞,2,3,1,1
力の解放,3,回避性能,2,3,1,1
力の解放,3,回避距離ＵＰ,2,3,1,1
力の解放,3,破壊王,2,3,1,1
力の解放,3,広域化,2,3,1,1
力の解放,3,火事場力,2,3,1,1
力の解放,3,翔蟲使い,3,3,1,1
力の解放,3,逆襲,2,3,1,1
力の解放,3,高速変形,2,3,1,1
力の解放,3,鬼火纏,2,3,1,1
渾身,2,フルチャージ,2,3,1,1
渾身,2,死中に活,2,3,1,1
渾身,2,弱点特効,2,3,1,1
渾身,2,回避距離ＵＰ,2,3,1,1
会心撃【属性】,2,フルチャージ,2,3,1,1
会心撃【属性】,2,死中に活,2,3,1,1
会心撃【属性】,2,弱点特効,2,3,1,1
会心撃【属性】,2,渾身,2,3,1,1
会心撃【属性】,2,回避距離ＵＰ,2,3,1,1
達人芸,2,攻撃,2,3,1,1
達人芸,2,挑戦者,2,3,1,1
達人芸,2,フルチャージ,2,3,1,1
達人芸,2,逆恨み,2,3,1,1
達人芸,2,死中に活,2,3,1,1
達人芸,2,見切り,2,3,1,1
達人芸,2,弱点特効,2,3,1,1
達人芸,2,力の解放,2,3,1,1
達人芸,2,渾身,2,3,1,1
達人芸,2,会心撃【属性】,2,3,1,1
達人芸,2,麻痺属性強化,2,3,1,1
達人芸,2,睡眠属性強化,2,3,1,1
達人芸,2,爆破属性強化,2,3,1,1
達人芸,2,業物,2,3,1,1
達人芸,2,剛刃研磨,2,3,1,1
達人芸,2,鈍器使い,2,3,1,1
達人芸,2,強化持続,2,3,1,1
達人芸,2,体術,3,3,1,1
達人芸,2,スタミナ急速回復,2,3,1,1
達人芸,2,ガード性能,2,3,1,1
達人芸,2,抜刀術【力】,2,3,1,1
達人芸,2,納刀術,2,3,1,1
達人芸,2,ＫＯ術,2,3,1,1
達人芸,2,精霊の加護,2,3,1,1
達人芸,2,早食い,2,3,1,1
達人芸,2,耳栓,2,3,1,1
達人芸,2,泡沫の舞,2,3,1,1
達人芸,2,回避性能,2,3,1,1
達人芸,2,回避距離ＵＰ,2,3,1,1
達人芸,2,破壊王,2,3,1,1
達人芸,2,広域化,2,3,1,1
達人芸,2,火事場力,2,3,1,1
達人芸,2,翔蟲使い,3,3,1,1
達人芸,2,逆襲,2,3,1,1
達人芸,2,高速変形,2,3,1,1
達人芸,2,鬼火纏,2,3,1,1
麻痺属性強化,2,フルチャージ,2,3,1,1
麻痺属性強化,2,死中に活,2,3,1,1
麻痺属性強化,2,弱点特効,2,3,1,1
麻痺属性強化,2,渾身,2,3,1,1
麻痺属性強化,2,会心撃【属性】,2,3,1,1
麻痺属性強化,2,回避距離ＵＰ,2,3,1,1
睡眠属性強化,2,フルチャージ,2,3,1,1
睡眠属性強化,2,死中に活,2,3,1,1
睡眠属性強化,2,弱点特効,2,3,1,1
睡眠属性強化,2,渾身,2,3,1,1
睡眠属性強化,2,会心撃【属性】,2,3,1,1
睡眠属性強化,2,麻痺属性強化,2,3,1,1
睡眠属性強化,2,回避距離ＵＰ,2,3,1,1
爆破属性強化,2,フルチャージ,2,3,1,1
爆破属性強化,2,死中に活,2,3,1,1
爆破属性強化,2,弱点特効,2,3,1,1
爆破属性強化,2,渾身,2,3,1,1
爆破属性強化,2,会心撃【属性】,2,3,1,1
爆破属性強化,2,麻痺属性強化,2,3,1,1
爆破属性強化,2,睡眠属性強化,2,3,1,1
爆破属性強化,2,回避距離ＵＰ,2,3,1,1
匠,2,攻撃,2,3,1,1
匠,2,挑戦者,2,3,1,1
匠,2,フルチャージ,2,3,1,1
匠,2,逆恨み,2,3,1,1
匠,2,死中に活,2,3,1,1
匠,2,見切り,2,3,1,1
匠,2,弱点特効,2,3,1,1
匠,2,力の解放,2,3,1,1
匠,2,渾身,2,3,1,1
匠,2,会心撃【属性】,2,3,1,1
匠,2,麻痺属性強化,2,3,1,1
匠,2,睡眠属性強化,2,3,1,1
匠,2,爆破属性強化,2,3,1,1
匠,2,業物,2,3,1,1
匠,2,剛刃研磨,2,3,1,1
匠,2,鈍器使い,2,3,1,1
匠,2,強化持続,2,3,1,1
匠,2,体術,3,3,1,1
匠,2,スタミナ急速回復,2,3,1,1
匠,2,ガード性能,2,3,1,1
匠,2,抜刀術【力】,2,3,1,1
匠,2,納刀術,2,3,1,1
匠,2,ＫＯ術,2,3,1,1
匠,2,精霊の加護,2,3,1,1
匠,2,早食い,2,3,1,1
匠,2,耳栓,2,3,1,1
匠,2,泡沫の舞,2,3,1,1
匠,2,回避性能,2,3,1,1
匠,2,回避距離ＵＰ,2,3,1,1
匠,2,破壊王,2,3,1,1
匠,2,広域化,2,3,1,1
匠,2,火事場力,2,3,1,1
匠,2,翔蟲使い,3,3,1,1
匠,2,逆襲,2,3,1,1
匠,2,高速変形,2,3,1,1
匠,2,鬼火纏,2,3,1,1
業物,2,フルチャージ,2,3,1,1
業物,2,死中に活,2,3,1,1
業物,2,弱点特効,2,3,1,1
業物,2,渾身,2,3,1,1
業物,2,会心撃【属性】,2,3,1,1
業物,2,麻痺属性強化,2,3,1,1
業物,2,睡眠属性強化,2,3,1,1
業物,2,爆破属性強化,2,3,1,1
業物,2,回避距離ＵＰ,2,3,1,1
弾丸節約,2,フルチャージ,2,3,1,1
弾丸節約,2,死中に活,2,3,1,1
弾丸節約,2,弱点特効,2,3,1,1
弾丸節約,2,渾身,2,3,1,1
弾丸節約,2,会心撃【属性】,2,3,1,1
弾丸節約,2,麻痺属性強化,2,3,1,1
弾丸節約,2,睡眠属性強化,2,3,1,1
弾丸節約,2,爆破属性強化,2,3,1,1
弾丸節約,2,回避距離ＵＰ,2,3,1,1
剛刃研磨,2,フルチャージ,2,3,1,1
剛刃研磨,2,死中に活,2,3,1,1
剛刃研磨,2,弱点特効,2,3,1,1
剛刃研磨,2,渾身,2,3,1,1
剛刃研磨,2,会心撃【属性】,2,3,1,1
剛刃研磨,2,麻痺属性強化,2,3,1,1
剛刃研磨,2,睡眠属性強化,2,3,1,1
剛刃研磨,2,爆破属性強化,2,3,1,1
剛刃研磨,2,業物,2,3,1,1
剛刃研磨,2,回避距離ＵＰ,2,3,1,1
心眼,2,攻撃,2,3,1,1
心眼,2,挑戦者,2,3,1,1
心眼,2,フルチャージ,2,3,1,1
心眼,2,逆恨み,2,3,1,1
心眼,2,死中に活,2,3,1,1
心眼,2,見切り,2,3,1,1
心眼,2,弱点特効,2,3,1,1
心眼,2,力の解放,2,3,1,1
心眼,2,渾身,2,3,1,1
心眼,2,会心撃【属性】,2,3,1,1
心眼,2,麻痺属性強化,2,3,1,1
心眼,2,睡眠属性強化,2,3,1,1
心眼,2,爆破属性強化,2,3,1,1
心眼,2,業物,2,3,1,1
心眼,2,剛刃研磨,2,3,1,1
心眼,2,鈍器使い,2,3,1,1
心眼,2,強化持続,2,3,1,1
心眼,2,体術,3,3,1,1
心眼,2,スタミナ急速回復,2,3,1,1
心眼,2,ガード性能,2,3,1,1
心眼,2,抜刀術【力】,2,3,1,1
心眼,2,納刀術,2,3,1,1
心眼,2,ＫＯ術,2,3,1,1
心眼,2,精霊の加護,2,3,1,1
心眼,2,早食い,2,3,1,1
心眼,2,耳栓,2,3,1,1
心眼,2,泡沫の舞,2,3,1,1
心眼,2,回避性能,2,3,1,1
心眼,2,回避距離ＵＰ,2,3,1,1
心眼,2,破壊王,2,3,1,1
心眼,2,広域化,2,3,1,1
心眼,2,火事場力,2,3,1,1
心眼,2,翔蟲使い,3,3,1,1
心眼,2,逆襲,2,3,1,1
心眼,2,高速変形,2,3,1,1
心眼,2,鬼火纏,2,3,1,1
弾導強化,2,フルチャージ,2,3,1,1
弾導強化,2,死中に活,2,3,1,1
弾導強化,2,弱点特効,2,3,1,1
弾導強化,2,渾身,2,3,1,1
弾導強化,2,会心撃【属性】,2,3,1,1
弾導強化,2,麻痺属性強化,2,3,1,1
弾導強化,2,睡眠属性強化,2,3,1,1
弾導強化,2,爆破属性強化,2,3,1,1
弾導強化,2,弾丸節約,2,3,1,1
弾導強化,2,回避距離ＵＰ,2,3,1,1
鈍器使い,3,攻撃,2,3,1,1
鈍器使い,3,挑戦者,2,3,1,1
鈍器使い,3,フルチャージ,2,3,1,1
鈍器使い,3,逆恨み,2,3,1,1
鈍器使い,3,死中に活,2,3,1,1
鈍器使い,3,見切り,2,3,1,1
鈍器使い,3,弱点特効,2,3,1,1
鈍器使い,3,力の解放,2,3,1,1
鈍器使い,3,渾身,2,3,1,1
鈍器使い,3,会心撃【属性】,2,3,1,1
鈍器使い,3,麻痺属性強化,2,3,1,1
鈍器使い,3,睡眠属性強化,2,3,1,1
鈍器使い,3,爆破属性強化,2,3,1,1
鈍器使い,3,業物,2,3,1,1
鈍器使い,3,剛刃研磨,2,3,1,1
鈍器使い,3,強化持続,2,3,1,1
鈍器使い,3,体術,3,3,2,1
鈍器使い,3,スタミナ急速回復,2,3,1,1
鈍器使い,3,ガード性能,2,3,1,1
鈍器使い,3,抜刀術【力】,2,3,2,1
鈍器使い,3,納刀術,2,3,2,1
鈍器使い,3,ＫＯ術,2,3,2,1
鈍器使い,3,精霊の加護,2,3,2,1
鈍器使い,3,早食い,2,3,2,1
鈍器使い,3,耳栓,2,3,2,1
鈍器使い,3,泡沫の舞,2,3,2,1
鈍器使い,3,回避性能,2,3,2,1
鈍器使い,3,回避距離ＵＰ,2,3,2,1
鈍器使い,3,破壊王,2,3,2,1
鈍器使い,3,広域化,2,3,2,1
鈍器使い,3,火事場力,2,3,1,1
鈍器使い,3,翔蟲使い,3,3,2,1
鈍器使い,3,逆襲,2,3,2,1
鈍器使い,3,高速変形,2,3,2,1
鈍器使い,3,鬼火纏,2,3,1,1
集中,2,攻撃,2,3,1,1
集中,2,挑戦者,2,3,1,1
集中,2,フルチャージ,2,3,1,1
集中,2,逆恨み,2,3,1,1
集中,2,死中に活,2,3,1,1
集中,2,見切り,2,3,1,1
集中,2,弱点特効,2,3,1,1
集中,2,力の解放,2,3,1,1
集中,2,渾身,2,3,1,1
集中,2,会心撃【属性】,2,3,1,1
集中,2,麻痺属性強化,2,3,1,1
集中,2,睡眠属性強化,2,3,1,1
集中,2,爆破属性強化,2,3,1,1
集中,2,業物,2,3,1,1
集中,2,弾丸節約,2,3,1,1
集中,2,剛刃研磨,2,3,1,1
集中,2,弾導強化,2,3,1,1
集中,2,鈍器使い,2,3,1,1
集中,2,強化持続,2,3,1,1
集中,2,体術,3,3,1,1
集中,2,スタミナ急速回復,2,3,1,1
集中,2,ガード性能,2,3,1,1
集中,2,抜刀術【力】,2,3,1,1
集中,2,納刀術,2,3,1,1
集中,2,ＫＯ術,2,3,1,1
集中,2,通常弾・連射矢強化,2,3,1,1
集中,2,精霊の加護,2,3,1,1
集中,2,早食い,2,3,1,1
集中,2,耳栓,2,3,1,1
集中,2,泡沫の舞,2,3,1,1
集中,2,回避性能,2,3,1,1
集中,2,回避距離ＵＰ,2,3,1,1
集中,2,破壊王,2,3,1,1
集中,2,広域化,2,3,1,1
集中,2,火事場力,2,3,1,1
集中,2,翔蟲使い,3,3,1,1
集中,2,逆襲,2,3,1,1
集中,2,高速変形,2,3,1,1
集中,2,鬼火纏,2,3,1,1
強化持続,2,フルチャージ,2,3,1,1
強化持続,2,死中に活,2,3,1,1
強化持続,2,弱点特効,2,3,1,1
強化持続,2,渾身,2,3,1,1
強化持続,2,会心撃【属性】,2,3,1,1
強化持続,2,麻痺属性強化,2,3,1,1
強化持続,2,睡眠属性強化,2,3,1,1
強化持続,2,爆破属性強化,2,3,1,1
強化持続,2,業物,2,3,1,1
強化持続,2,剛刃研磨,2,3,1,1
強化持続,2,回避距離ＵＰ,2,3,1,1
ランナー,2,攻撃,2,3,1,1
ランナー,2,挑戦者,2,3,1,1
ランナー,2,フルチャージ,2,3,1,1
ランナー,2,逆恨み,2,3,1,1
ランナー,2,死中に活,2,3,1,1
ランナー,2,見切り,2,3,1,1
ランナー,2,弱点特効,2,3,1,1
ランナー,2,力の解放,2,3,1,1
ランナー,2,渾身,2,3,1,1
ランナー,2,会心撃【属性】,2,3,1,1
ランナー,2,麻痺属性強化,2,3,1,1
ランナー,2,睡眠属性強化,2,3,1,1
ランナー,2,爆破属性強化,2,3,1,1
ランナー,2,業物,2,3,1,1
ランナー,2,弾丸節約,2,3,1,1
ランナー,2,剛刃研磨,2,3,1,1
ランナー,2,弾導強化,2,3,1,1
ランナー,2,鈍器使い,2,3,1,1
ランナー,2,強化持続,2,3,1,1
ランナー,2,体術,3,3,1,1
ランナー,2,スタミナ急速回復,2,3,1,1
ランナー,2,ガード性能,2,3,1,1
ランナー,2,抜刀術【力】,2,3,1,1
ランナー,2,納刀術,2,3,1,1
ランナー,2,ＫＯ術,2,3,1,1
ランナー,2,通常弾・連射矢強化,2,3,1,1
ランナー,2,精霊の加護,2,3,1,1
ランナー,2,早食い,2,3,1,1
ランナー,2,耳栓,2,3,1,1
ランナー,2,泡沫の舞,2,3,1,1
ランナー,2,回避性能,2,3,1,1
ランナー,2,回避距離ＵＰ,2,3,1,1
ランナー,2,破壊王,2,3,1,1
ランナー,2,広域化,2,3,1,1
ランナー,2,火事場力,2,3,1,1
ランナー,2,翔蟲使い,3,3,1,1
ランナー,2,逆襲,2,3,1,1
ランナー,2,高速変形,2,3,1,1
ランナー,2,鬼火纏,2,3,1,1
体術,3,フルチャージ,2,3,1,1
体術,3,死中に活,2,3,1,1
体術,3,弱点特効,2,3,1,1
体術,3,渾身,2,3,1,1
体術,3,会心撃【属性】,2,3,1,1
体術,3,麻痺属性強化,2,3,1,1
体術,3,睡眠属性強化,2,3,1,1
体術,3,爆破属性強化,2,3,1,1
体術,3,業物,2,3,1,1
体術,3,弾丸節約,2,3,1,1
体術,3,剛刃研磨,2,3,1,1
体術,3,弾導強化,2,3,1,1
体術,3,強化持続,2,3,1,1
体術,3,回避距離ＵＰ,2,3,2,1
スタミナ急速回復,2,フルチャージ,2,3,1,1
スタミナ急速回復,2,死中に活,2,3,1,1
スタミナ急速回復,2,弱点特効,2,3,1,1
スタミナ急速回復,2,渾身,2,3,1,1
スタミナ急速回復,2,会心撃【属性】,2,3,1,1
スタミナ急速回復,2,麻痺属性強化,2,3,1,1
スタミナ急速回復,2,睡眠属性強化,2,3,1,1
スタミナ急速回復,2,爆破属性強化,2,3,1,1
スタミナ急速回復,2,業物,2,3,1,1
スタミナ急速回復,2,弾丸節約,2,3,1,1
スタミナ急速回復,2,剛刃研磨,2,3,1,1
スタミナ急速回復,2,弾導強化,2,3,1,1
スタミナ急速回復,2,強化持続,2,3,1,1
スタミナ急速回復,2,体術,3,3,1,1
スタミナ急速回復,2,回避距離ＵＰ,2,3,1,1
ガード性能,3,攻撃,2,3,1,1
ガード性能,3,挑戦者,2,3,1,1
ガード性能,3,フルチャージ,2,3,1,1
ガード性能,3,逆恨み,2,3,1,1
ガード性能,3,死中に活,2,3,1,1
ガード性能,3,見切り,2,3,1,1
ガード性能,3,弱点特効,2,3,1,1
ガード性能,3,力の解放,2,3,1,1
ガード性能,3,渾身,2,3,1,1
ガード性能,3,会心撃【属性】,2,3,1,1
ガード性能,3,麻痺属性強化,2,3,1,1
ガード性能,3,睡眠属性強化,2,3,1,1
ガード性能,3,爆破属性強化,2,3,1,1
ガード性能,3,業物,2,3,1,1
ガード性能,3,弾丸節約,2,3,1,1
ガード性能,3,剛刃研磨,2,3,1,1
ガード性能,3,弾導強化,2,3,1,1
ガード性能,3,鈍器使い,2,3,1,1
ガード性能,3,強化持続,2,3,1,1
ガード性能,3,体術,3,3,1,1
ガード性能,3,スタミナ急速回復,2,3,1,1
ガード性能,3,抜刀術【力】,2,3,1,1
ガード性能,3,納刀術,2,3,1,1
ガード性能,3,ＫＯ術,2,3,1,1
ガード性能,3,通常弾・連射矢強化,2,3,1,1
ガード性能,3,精霊の加護,2,3,1,1
ガード性能,3,早食い,2,3,1,1
ガード性能,3,耳栓,2,3,1,1
ガード性能,3,泡沫の舞,2,3,1,1
ガード性能,3,回避性能,2,3,1,1
ガード性能,3,回避距離ＵＰ,2,3,1,1
ガード性能,3,破壊王,2,3,1,1
ガード性能,3,広域化,2,3,1,1
ガード性能,3,火事場力,2,3,1,1
ガード性能,3,翔蟲使い,3,3,1,1
ガード性能,3,逆襲,2,3,1,1
ガード性能,3,高速変形,2,3,1,1
ガード性能,3,鬼火纏,2,3,1,1
ガード強化,2,攻撃,2,3,1,1
ガード強化,2,挑戦者,2,3,1,1
ガード強化,2,フルチャージ,2,3,1,1
ガード強化,2,逆恨み,2,3,1,1
ガード強化,2,死中に活,2,3,1,1
ガード強化,2,見切り,2,3,1,1
ガード強化,2,弱点特効,2,3,1,1
ガード強化,2,力の解放,2,3,1,1
ガード強化,2,渾身,2,3,1,1
ガード強化,2,会心撃【属性】,2,3,1,1
ガード強化,2,麻痺属性強化,2,3,1,1
ガード強化,2,睡眠属性強化,2,3,1,1
ガード強化,2,爆破属性強化,2,3,1,1
ガード強化,2,業物,2,3,1,1
ガード強化,2,弾丸節約,2,3,1,1
ガード強化,2,剛刃研磨,2,3,1,1
ガード強化,2,弾導強化,2,3,1,1
ガード強化,2,鈍器使い,2,3,1,1
ガード強化,2,強化持続,2,3,1,1
ガード強化,2,体術,3,3,1,1
ガード強化,2,スタミナ急速回復,2,3,1,1
ガード強化,2,ガード性能,2,3,1,1
ガード強化,2,抜刀術【力】,2,3,1,1
ガード強化,2,納刀術,2,3,1,1
ガード強化,2,ＫＯ術,2,3,1,1
ガード強化,2,通常弾・連射矢強化,2,3,1,1
ガード強化,2,精霊の加護,2,3,1,1
ガード強化,2,早食い,2,3,1,1
ガード強化,2,耳栓,2,3,1,1
ガード強化,2,泡沫の舞,2,3,1,1
ガード強化,2,回避性能,2,3,1,1
ガード強化,2,回避距離ＵＰ,2,3,1,1
ガード強化,2,破壊王,2,3,1,1
ガード強化,2,広域化,2,3,1,1
ガード強化,2,火事場力,2,3,1,1
ガード強化,2,翔蟲使い,3,3,1,1
ガード強化,2,逆襲,2,3,1,1
ガード強化,2,高速変形,2,3,1,1
ガード強化,2,鬼火纏,2,3,1,1
攻めの守勢,2,攻撃,2,3,1,1
攻めの守勢,2,挑戦者,2,3,1,1
攻めの守勢,2,フルチャージ,2,3,1,1
攻めの守勢,2,逆恨み,2,3,1,1
攻めの守勢,2,死中に活,2,3,1,1
攻めの守勢,2,見切り,2,3,1,1
攻めの守勢,2,弱点特効,2,3,1,1
攻めの守勢,2,力の解放,2,3,1,1
攻めの守勢,2,渾身,2,3,1,1
攻めの守勢,2,会心撃【属性】,2,3,1,1
攻めの守勢,2,麻痺属性強化,2,3,1,1
攻めの守勢,2,睡眠属性強化,2,3,1,1
攻めの守勢,2,爆破属性強化,2,3,1,1
攻めの守勢,2,業物,2,3,1,1
攻めの守勢,2,弾丸節約,2,3,1,1
攻めの守勢,2,剛刃研磨,2,3,1,1
攻めの守勢,2,弾導強化,2,3,1,1
攻めの守勢,2,鈍器使い,2,3,1,1
攻めの守勢,2,強化持続,2,3,1,1
攻めの守勢,2,体術,3,3,1,1
攻めの守勢,2,スタミナ急速回復,2,3,1,1
攻めの守勢,2,ガード性能,2,3,1,1
攻めの守勢,2,抜刀術【力】,2,3,1,1
攻めの守勢,2,納刀術,2,3,1,1
攻めの守勢,2,ＫＯ術,2,3,1,1
攻めの守勢,2,通常弾・連射矢強化,2,3,1,1
攻めの守勢,2,精霊の加護,2,3,1,1
攻めの守勢,2,早食い,2,3,1,1
攻めの守勢,2,耳栓,2,3,1,1
攻めの守勢,2,泡沫の舞,2,3,1,1
攻めの守勢,2,回避性能,2,3,1,1
攻めの守勢,2,回避距離ＵＰ,2,3,1,1
攻めの守勢,2,破壊王,2,3,1,1
攻めの守勢,2,広域化,2,3,1,1
攻めの守勢,2,火事場力,2,3,1,1
攻めの守勢,2,翔蟲使い,3,3,1,1
攻めの守勢,2,逆襲,2,3,1,1
攻めの守勢,2,高速変形,2,3,1,1
攻めの守勢,2,鬼火纏,2,3,1,1
抜刀術【技】,2,攻撃,2,3,1,1
抜刀術【技】,2,挑戦者,2,3,1,1
抜刀術【技】,2,フルチャージ,2,3,1,1
抜刀術【技】,2,逆恨み,2,3,1,1
抜刀術【技】,2,死中に活,2,3,1,1
抜刀術【技】,2,見切り,2,3,1,1
抜刀術【技】,2,弱点特効,2,3,1,1
抜刀術【技】,2,力の解放,2,3,1,1
抜刀術【技】,2,渾身,2,3,1,1
抜刀術【技】,2,会心撃【属性】,2,3,1,1
抜刀術【技】,2,麻痺属性強化,2,3,1,1
抜刀術【技】,2,睡眠属性強化,2,3,1,1
抜刀術【技】,2,爆破属性強化,2,3,1,1
抜刀術【技】,2,業物,2,3,1,1
抜刀術【技】,2,弾丸節約,2,3,1,1
抜刀術【技】,2,剛刃研磨,2,3,1,1
抜刀術【技】,2,弾導強化,2,3,1,1
抜刀術【技】,2,鈍器使い,2,3,1,1
抜刀術【技】,2,強化持続,2,3,1,1
抜刀術【技】,2,体術,3,3,1,1
抜刀術【技】,2,スタミナ急速回復,2,3,1,1
抜刀術【技】,2,ガード性能,2,3,1,1
抜刀術【技】,2,抜刀術【力】,2,3,1,1
抜刀術【技】,2,納刀術,2,3,1,1
抜刀術【技】,2,ＫＯ術,2,3,1,1
抜刀術【技】,2,通常弾・連射矢強化,2,3,1,1
抜刀術【技】,2,精霊の加護,2,3,1,1
抜刀術【技】,2,早食い,2,3,1,1
抜刀術【技】,2,耳栓,2,3,1,1
抜刀術【技】,2,泡沫の舞,2,3,1,1
抜刀術【技】,2,回避性能,2,3,1,1
抜刀術【技】,2,回避距離ＵＰ,2,3,1,1
抜刀術【技】,2,破壊王,2,3,1,1
抜刀術【技】,2,広域化,2,3,1,1
抜刀術【技】,2,火事場力,2,3,1,1
抜刀術【技】,2,翔蟲使い,3,3,1,1
抜刀術【技】,2,逆襲,2,3,1,1
抜刀術【技】,2,高速変形,2,3,1,1
抜刀術【技】,2,鬼火纏,2,3,1,1
抜刀術【力】,3,攻撃,2,3,1,1
抜刀術【力】,3,挑戦者,2,3,1,1
抜刀術【力】,3,フルチャージ,2,3,1,1
抜刀術【力】,3,逆恨み,2,3,1,1
抜刀術【力】,3,死中に活,2,3,1,1
抜刀術【力】,3,見切り,2,3,1,1
抜刀術【力】,3,弱点特効,2,3,1,1
抜刀術【力】,3,力の解放,2,3,1,1
抜刀術【力】,3,渾身,2,3,1,1
抜刀術【力】,3,会心撃【属性】,2,3,1,1
抜刀術【力】,3,麻痺属性強化,2,3,1,1
抜刀術【力】,3,睡眠属性強化,2,3,1,1
抜刀術【力】,3,爆破属性強化,2,3,1,1
抜刀術【力】,3,業物,2,3,1,1
抜刀術【力】,3,弾丸節約,2,3,1,1
抜刀術【力】,3,剛刃研磨,2,3,1,1
抜刀術【力】,3,弾導強化,2,3,1,1
抜刀術【力】,3,鈍器使い,2,3,2,1
抜刀術【力】,3,強化持続,2,3,1,1
抜刀術【力】,3,体術,3,3,2,1
抜刀術【力】,3,スタミナ急速回復,2,3,1,1
抜刀術【力】,3,ガード性能,2,3,1,1
抜刀術【力】,3,納刀術,2,3,2,1
抜刀術【力】,3,ＫＯ術,2,3,2,1
抜刀術【力】,3,通常弾・連射矢強化,2,3,1,1
抜刀術【力】,3,精霊の加護,2,3,2,1
抜刀術【力】,3,早食い,2,3,2,1
抜刀術【力】,3,耳栓,2,3,2,1
抜刀術【力】,3,泡沫の舞,2,3,2,1
抜刀術【力】,3,回避性能,2,3,2,1
抜刀術【力】,3,回避距離ＵＰ,2,3,2,1
抜刀術【力】,3,破壊王,2,3,2,1
抜刀術【力】,3,広域化,2,3,2,1
抜刀術【力】,3,火事場力,2,3,1,1
抜刀術【力】,3,翔蟲使い,3,3,2,1
抜刀術【力】,3,逆襲,2,3,2,1
抜刀術【力】,3,高速変形,2,3,2,1
抜刀術【力】,3,鬼火纏,2,3,1,1
納刀術,3,攻撃,2,3,1,1
納刀術,3,挑戦者,2,3,1,1
納刀術,3,フルチャージ,2,3,1,1
納刀術,3,逆恨み,2,3,1,1
納刀術,3,死中に活,2,3,1,1
納刀術,3,見切り,2,3,1,1
納刀術,3,弱点特効,2,3,1,1
納刀術,3,力の解放,2,3,1,1
納刀術,3,渾身,2,3,1,1
納刀術,3,会心撃【属性】,2,3,1,1
納刀術,3,麻痺属性強化,2,3,1,1
納刀術,3,睡眠属性強化,2,3,1,1
納刀術,3,爆破属性強化,2,3,1,1
納刀術,3,業物,2,3,1,1
納刀術,3,弾丸節約,2,3,1,1
納刀術,3,剛刃研磨,2,3,1,1
納刀術,3,弾導強化,2,3,1,1
納刀術,3,鈍器使い,2,3,2,1
納刀術,3,強化持続,2,3,1,1
納刀術,3,体術,3,3,2,1
納刀術,3,スタミナ急速回復,2,3,1,1
納刀術,3,ガード性能,2,3,1,1
納刀術,3,抜刀術【力】,2,3,2,1
納刀術,3,ＫＯ術,2,3,2,1
納刀術,3,通常弾・連射矢強化,2,3,1,1
納刀術,3,精霊の加護,2,3,2,1
納刀術,3,早食い,2,3,2,1
納刀術,3,耳栓,2,3,2,1
納刀術,3,泡沫の舞,2,3,2,1
納刀術,3,回避性能,2,3,2,1
納刀術,3,回避距離ＵＰ,2,3,2,1
納刀術,3,破壊王,2,3,2,1
納刀術,3,広域化,2,3,2,1
納刀術,3,火事場力,2,3,1,1
納刀術,3,翔蟲使い,3,3,2,1
納刀術,3,逆襲,2,3,2,1
納刀術,3,高速変形,2,3,2,1
納刀術,3,鬼火纏,2,3,1,1
ＫＯ術,3,攻撃,2,3,1,1
ＫＯ術,3,挑戦者,2,3,1,1
ＫＯ術,3,フルチャージ,2,3,1,1
ＫＯ術,3,逆恨み,2,3,1,1
ＫＯ術,3,死中に活,2,3,1,1
ＫＯ術,3,見切り,2,3,1,1
ＫＯ術,3,弱点特効,2,3,1,1
ＫＯ術,3,力の解放,2,3,1,1
ＫＯ術,3,渾身,2,3,1,1
ＫＯ術,3,会心撃【属性】,2,3,1,1
ＫＯ術,3,麻痺属性強化,2,3,1,1
ＫＯ術,3,睡眠属性強化,2,3,1,1
ＫＯ術,3,爆破属性強化,2,3,1,1
ＫＯ術,3,業物,2,3,1,1
ＫＯ術,3,弾丸節約,2,3,1,1
ＫＯ術,3,剛刃研磨,2,3,1,1
ＫＯ術,3,弾導強化,2,3,1,1
ＫＯ術,3,鈍器使い,2,3,2,1
ＫＯ術,3,強化持続,2,3,1,1
ＫＯ術,3,体術,3,3,2,1
ＫＯ術,3,スタミナ急速回復,2,3,1,1
ＫＯ術,3,ガード性能,2,3,1,1
ＫＯ術,3,抜刀術【力】,2,3,2,1
ＫＯ術,3,納刀術,2,3,2,1
ＫＯ術,3,通常弾・連射矢強化,2,3,1,1
ＫＯ術,3,精霊の加護,2,3,2,1
ＫＯ術,3,早食い,2,3,2,1
ＫＯ術,3,耳栓,2,3,2,1
ＫＯ術,3,泡沫の舞,2,3,2,1
ＫＯ術,3,回避性能,2,3,2,1
ＫＯ術,3,回避距離ＵＰ,2,3,2,1
ＫＯ術,3,破壊王,2,3,2,1
ＫＯ術,3,広域化,2,3,2,1
ＫＯ術,3,火事場力,2,3,1,1
ＫＯ術,3,翔蟲使い,3,3,2,1
ＫＯ術,3,逆襲,2,3,2,1
ＫＯ術,3,高速変形,2,3,2,1
ＫＯ術,3,鬼火纏,2,3,1,1
砲術,2,攻撃,2,3,1,1
砲術,2,挑戦者,2,3,1,1
砲術,2,フルチャージ,2,3,1,1
砲術,2,逆恨み,2,3,1,1
砲術,2,死中に活,2,3,1,1
砲術,2,見切り,2,3,1,1
砲術,2,弱点特効,2,3,1,1
砲術,2,力の解放,2,3,1,1
砲術,2,渾身,2,3,1,1
砲術,2,会心撃【属性】,2,3,1,1
砲術,2,麻痺属性強化,2,3,1,1
砲術,2,睡眠属性強化,2,3,1,1
砲術,2,爆破属性強化,2,3,1,1
砲術,2,業物,2,3,1,1
砲術,2,弾丸節約,2,3,1,1
砲術,2,剛刃研磨,2,3,1,1
砲術,2,弾導強化,2,3,1,1
砲術,2,鈍器使い,2,3,1,1
砲術,2,強化持続,2,3,1,1
砲術,2,体術,3,3,1,1
砲術,2,スタミナ急速回復,2,3,1,1
砲術,2,ガード性能,2,3,1,1
砲術,2,抜刀術【力】,2,3,1,1
砲術,2,納刀術,2,3,1,1
砲術,2,ＫＯ術,2,3,1,1
砲術,2,通常弾・連射矢強化,2,3,1,1
砲術,2,精霊の加護,2,3,1,1
砲術,2,早食い,2,3,1,1
砲術,2,耳栓,2,3,1,1
砲術,2,泡沫の舞,2,3,1,1
砲術,2,回避性能,2,3,1,1
砲術,2,回避距離ＵＰ,2,3,1,1
砲術,2,破壊王,2,3,1,1
砲術,2,広域化,2,3,1,1
砲術,2,火事場力,2,3,1,1
砲術,2,翔蟲使い,3,3,1,1
砲術,2,逆襲,2,3,1,1
砲術,2,高速変形,2,3,1,1
砲術,2,鬼火纏,2,3,1,1
砲弾装填,2,攻撃,2,3,1,1
砲弾装填,2,挑戦者,2,3,1,1
砲弾装填,2,フルチャージ,2,3,1,1
砲弾装填,2,逆恨み,2,3,1,1
砲弾装填,2,死中に活,2,3,1,1
砲弾装填,2,見切り,2,3,1,1
砲弾装填,2,弱点特効,2,3,1,1
砲弾装填,2,力の解放,2,3,1,1
砲弾装填,2,渾身,2,3,1,1
砲弾装填,2,会心撃【属性】,2,3,1,1
砲弾装填,2,麻痺属性強化,2,3,1,1
砲弾装填,2,睡眠属性強化,2,3,1,1
砲弾装填,2,爆破属性強化,2,3,1,1
砲弾装填,2,業物,2,3,1,1
砲弾装填,2,弾丸節約,2,3,1,1
砲弾装填,2,剛刃研磨,2,3,1,1
砲弾装填,2,弾導強化,2,3,1,1
砲弾装填,2,鈍器使い,2,3,1,1
砲弾装填,2,強化持続,2,3,1,1
砲弾装填,2,体術,3,3,1,1
砲弾装填,2,スタミナ急速回復,2,3,1,1
砲弾装填,2,ガード性能,2,3,1,1
砲弾装填,2,抜刀術【力】,2,3,1,1
砲弾装填,2,納刀術,2,3,1,1
砲弾装填,2,ＫＯ術,2,3,1,1
砲弾装填,2,通常弾・連射矢強化,2,3,1,1
砲弾装填,2,精霊の加護,2,3,1,1
砲弾装填,2,早食い,2,3,1,1
砲弾装填,2,耳栓,2,3,1,1
砲弾装填,2,泡沫の舞,2,3,1,1
砲弾装填,2,回避性能,2,3,1,1
砲弾装填,2,回避距離ＵＰ,2,3,1,1
砲弾装填,2,破壊王,2,3,1,1
砲弾装填,2,広域化,2,3,1,1
砲弾装填,2,火事場力,2,3,1,1
砲弾装填,2,翔蟲使い,3,3,1,1
砲弾装填,2,逆襲,2,3,1,1
砲弾装填,2,高速変形,2,3,1,1
砲弾装填,2,鬼火纏,2,3,1,1
特殊射撃強化,2,攻撃,2,3,1,1
特殊射撃強化,2,挑戦者,2,3,1,1
特殊射撃強化,2,フルチャージ,2,3,1,1
特殊射撃強化,2,逆恨み,2,3,1,1
特殊射撃強化,2,死中に活,2,3,1,1
特殊射撃強化,2,見切り,2,3,1,1
特殊射撃強化,2,弱点特効,2,3,1,1
特殊射撃強化,2,力の解放,2,3,1,1
特殊射撃強化,2,渾身,2,3,1,1
特殊射撃強化,2,会心撃【属性】,2,3,1,1
特殊射撃強化,2,麻痺属性強化,2,3,1,1
特殊射撃強化,2,睡眠属性強化,2,3,1,1
特殊射撃強化,2,爆破属性強化,2,3,1,1
特殊射撃強化,2,弾丸節約,2,3,1,1
特殊射撃強化,2,弾導強化,2,3,1,1
特殊射撃強化,2,体術,3,3,1,1
特殊射撃強化,2,スタミナ急速回復,2,3,1,1
特殊射撃強化,2,ガード性能,2,3,1,1
特殊射撃強化,2,抜刀術【力】,2,3,1,1
特殊射撃強化,2,納刀術,2,3,1,1
特殊射撃強化,2,ＫＯ術,2,3,1,1
特殊射撃強化,2,通常弾・連射矢強化,2,3,1,1
特殊射撃強化,2,精霊の加護,2,3,1,1
特殊射撃強化,2,早食い,2,3,1,1
特殊射撃強化,2,耳栓,2,3,1,1
特殊射撃強化,2,泡沫の舞,2,3,1,1
特殊射撃強化,2,回避性能,2,3,1,1
特殊射撃強化,2,回避距離ＵＰ,2,3,1,1
特殊射撃強化,2,破壊王,2,3,1,1
特殊射撃強化,2,広域化,2,3,1,1
特殊射撃強化,2,火事場力,2,3,1,1
特殊射撃強化,2,翔蟲使い,3,3,1,1
特殊射撃強化,2,逆襲,2,3,1,1
特殊射撃強化,2,鬼火纏,2,3,1,1
通常弾・連射矢強化,2,フルチャージ,2,3,1,1
通常弾・連射矢強化,2,死中に活,2,3,1,1
通常弾・連射矢強化,2,弱点特効,2,3,1,1
通常弾・連射矢強化,2,渾身,2,3,1,1
通常弾・連射矢強化,2,会心撃【属性】,2,3,1,1
通常弾・連射矢強化,2,麻痺属性強化,2,3,1,1
通常弾・連射矢強化,2,睡眠属性強化,2,3,1,1
通常弾・連射矢強化,2,爆破属性強化,2,3,1,1
通常弾・連射矢強化,2,弾丸節約,2,3,1,1
通常弾・連射矢強化,2,弾導強化,2,3,1,1
通常弾・連射矢強化,2,体術,3,3,1,1
通常弾・連射矢強化,2,スタミナ急速回復,2,3,1,1
通常弾・連射矢強化,2,回避距離ＵＰ,2,3,1,1
貫通弾・貫通矢強化,2,攻撃,2,3,1,1
貫通弾・貫通矢強化,2,挑戦者,2,3,1,1
貫通弾・貫通矢強化,2,フルチャージ,2,3,1,1
貫通弾・貫通矢強化,2,逆恨み,2,3,1,1
貫通弾・貫通矢強化,2,死中に活,2,3,1,1
貫通弾・貫通矢強化,2,見切り,2,3,1,1
貫通弾・貫通矢強化,2,弱点特効,2,3,1,1
貫通弾・貫通矢強化,2,力の解放,2,3,1,1
貫通弾・貫通矢強化,2,渾身,2,3,1,1
貫通弾・貫通矢強化,2,会心撃【属性】,2,3,1,1
貫通弾・貫通矢強化,2,麻痺属性強化,2,3,1,1
貫通弾・貫通矢強化,2,睡眠属性強化,2,3,1,1
貫通弾・貫通矢強化,2,爆破属性強化,2,3,1,1
貫通弾・貫通矢強化,2,弾丸節約,2,3,1,1
貫通弾・貫通矢強化,2,弾導強化,2,3,1,1
貫通弾・貫通矢強化,2,体術,3,3,1,1
貫通弾・貫通矢強化,2,スタミナ急速回復,2,3,1,1
貫通弾・貫通矢強化,2,ガード性能,2,3,1,1
貫通弾・貫通矢強化,2,抜刀術【力】,2,3,1,1
貫通弾・貫通矢強化,2,納刀術,2,3,1,1
貫通弾・貫通矢強化,2,ＫＯ術,2,3,1,1
貫通弾・貫通矢強化,2,通常弾・連射矢強化,2,3,1,1
貫通弾・貫通矢強化,2,精霊の加護,2,3,1,1
貫通弾・貫通矢強化,2,早食い,2,3,1,1
貫通弾・貫通矢強化,2,耳栓,2,3,1,1
貫通弾・貫通矢強化,2,泡沫の舞,2,3,1,1
貫通弾・貫通矢強化,2,回避性能,2,3,1,1
貫通弾・貫通矢強化,2,回避距離ＵＰ,2,3,1,1
貫通弾・貫通矢強化,2,破壊王,2,3,1,1
貫通弾・貫通矢強化,2,広域化,2,3,1,1
貫通弾・貫通矢強化,2,火事場力,2,3,1,1
貫通弾・貫通矢強化,2,翔蟲使い,3,3,1,1
貫通弾・貫通矢強化,2,逆襲,2,3,1,1
貫通弾・貫通矢強化,2,鬼火纏,2,3,1,1
散弾・拡散矢強化,2,攻撃,2,3,1,1
散弾・拡散矢強化,2,挑戦者,2,3,1,1
散弾・拡散矢強化,2,フルチャージ,2,3,1,1
散弾・拡散矢強化,2,逆恨み,2,3,1,1
散弾・拡散矢強化,2,死中に活,2,3,1,1
散弾・拡散矢強化,2,見切り,2,3,1,1
散弾・拡散矢強化,2,弱点特効,2,3,1,1
散弾・拡散矢強化,2,力の解放,2,3,1,1
散弾・拡散矢強化,2,渾身,2,3,1,1
散弾・拡散矢強化,2,会心撃【属性】,2,3,1,1
散弾・拡散矢強化,2,麻痺属性強化,2,3,1,1
散弾・拡散矢強化,2,睡眠属性強化,2,3,1,1
散弾・拡散矢強化,2,爆破属性強化,2,3,1,1
散弾・拡散矢強化,2,弾丸節約,2,3,1,1
散弾・拡散矢強化,2,弾導強化,2,3,1,1
散弾・拡散矢強化,2,体術,3,3,1,1
散弾・拡散矢強化,2,スタミナ急速回復,2,3,1,1
散弾・拡散矢強化,2,ガード性能,2,3,1,1
散弾・拡散矢強化,2,抜刀術【力】,2,3,1,1
散弾・拡散矢強化,2,納刀術,2,3,1,1
散弾・拡散矢強化,2,ＫＯ術,2,3,1,1
散弾・拡散矢強化,2,通常弾・連射矢強化,2,3,1,1
散弾・拡散矢強化,2,精霊の加護,2,3,1,1
散弾・拡散矢強化,2,早食い,2,3,1,1
散弾・拡散矢強化,2,耳栓,2,3,1,1
散弾・拡散矢強化,2,泡沫の舞,2,3,1,1
散弾・拡散矢強化,2,回避性能,2,3,1,1
散弾・拡散矢強化,2,回避距離ＵＰ,2,3,1,1
散弾・拡散矢強化,2,破壊王,2,3,1,1
散弾・拡散矢強化,2,広域化,2,3,1,1
散弾・拡散矢強化,2,火事場力,2,3,1,1
散弾・拡散矢強化,2,翔蟲使い,3,3,1,1
散弾・拡散矢強化,2,逆襲,2,3,1,1
散弾・拡散矢強化,2,鬼火纏,2,3,1,1
装填拡張,2,攻撃,2,3,1,1
装填拡張,2,挑戦者,2,3,1,1
装填拡張,2,フルチャージ,2,3,1,1
装填拡張,2,逆恨み,2,3,1,1
装填拡張,2,死中に活,2,3,1,1
装填拡張,2,見切り,2,3,1,1
装填拡張,2,弱点特効,2,3,1,1
装填拡張,2,力の解放,2,3,1,1
装填拡張,2,渾身,2,3,1,1
装填拡張,2,会心撃【属性】,2,3,1,1
装填拡張,2,麻痺属性強化,2,3,1,1
装填拡張,2,睡眠属性強化,2,3,1,1
装填拡張,2,爆破属性強化,2,3,1,1
装填拡張,2,弾丸節約,2,3,1,1
装填拡張,2,弾導強化,2,3,1,1
装填拡張,2,体術,3,3,1,1
装填拡張,2,スタミナ急速回復,2,3,1,1
装填拡張,2,ガード性能,2,3,1,1
装填拡張,2,抜刀術【力】,2,3,1,1
装填拡張,2,納刀術,2,3,1,1
装填拡張,2,ＫＯ術,2,3,1,1
装填拡張,2,通常弾・連射矢強化,2,3,1,1
装填拡張,2,精霊の加護,2,3,1,1
装填拡張,2,早食い,2,3,1,1
装填拡張,2,耳栓,2,3,1,1
装填拡張,2,泡沫の舞,2,3,1,1
装填拡張,2,回避性能,2,3,1,1
装填拡張,2,回避距離ＵＰ,2,3,1,1
装填拡張,2,破壊王,2,3,1,1
装填拡張,2,広域化,2,3,1,1
装填拡張,2,火事場力,2,3,1,1
装填拡張,2,翔蟲使い,3,3,1,1
装填拡張,2,逆襲,2,3,1,1
装填拡張,2,鬼火纏,2,3,1,1
速射強化,2,攻撃,2,3,1,1
速射強化,2,挑戦者,2,3,1,1
速射強化,2,フルチャージ,2,3,1,1
速射強化,2,逆恨み,2,3,1,1
速射強化,2,死中に活,2,3,1,1
速射強化,2,見切り,2,3,1,1
速射強化,2,弱点特効,2,3,1,1
速射強化,2,力の解放,2,3,1,1
速射強化,2,渾身,2,3,1,1
速射強化,2,会心撃【属性】,2,3,1,1
速射強化,2,麻痺属性強化,2,3,1,1
速射強化,2,睡眠属性強化,2,3,1,1
速射強化,2,爆破属性強化,2,3,1,1
速射強化,2,弾丸節約,2,3,1,1
速射強化,2,弾導強化,2,3,1,1
速射強化,2,体術,3,3,1,1
速射強化,2,スタミナ急速回復,2,3,1,1
速射強化,2,ガード性能,2,3,1,1
速射強化,2,抜刀術【力】,2,3,1,1
速射強化,2,納刀術,2,3,1,1
速射強化,2,ＫＯ術,2,3,1,1
速射強化,2,通常弾・連射矢強化,2,3,1,1
速射強化,2,精霊の加護,2,3,1,1
速射強化,2,早食い,2,3,1,1
速射強化,2,耳栓,2,3,1,1
速射強化,2,泡沫の舞,2,3,1,1
速射強化,2,回避性能,2,3,1,1
速射強化,2,回避距離ＵＰ,2,3,1,1
速射強化,2,破壊王,2,3,1,1
速射強化,2,広域化,2,3,1,1
速射強化,2,火事場力,2,3,1,1
速射強化,2,翔蟲使い,3,3,1,1
速射強化,2,逆襲,2,3,1,1
速射強化,2,鬼火纏,2,3,1,1
精霊の加護,3,攻撃,2,3,1,1
精霊の加護,3,挑戦者,2,3,1,1
精霊の加護,3,フルチャージ,2,3,1,1
精霊の加護,3,逆恨み,2,3,1,1
精霊の加護,3,死中に活,2,3,1,1
精霊の加護,3,見切り,2,3,1,1
精霊の加護,3,弱点特効,2,3,1,1
精霊の加護,3,力の解放,2,3,1,1
精霊の加護,3,渾身,2,3,1,1
精霊の加護,3,会心撃【属性】,2,3,1,1
精霊の加護,3,麻痺属性強化,2,3,1,1
精霊の加護,3,睡眠属性強化,2,3,1,1
精霊の加護,3,爆破属性強化,2,3,1,1
精霊の加護,3,業物,2,3,1,1
精霊の加護,3,弾丸節約,2,3,1,1
精霊の加護,3,剛刃研磨,2,3,1,1
精霊の加護,3,弾導強化,2,3,1,1
精霊の加護,3,鈍器使い,2,3,2,1
精霊の加護,3,強化持続,2,3,1,1
精霊の加護,3,体術,3,3,2,1
精霊の加護,3,スタミナ急速回復,2,3,1,1
精霊の加護,3,ガード性能,2,3,1,1
精霊の加護,3,抜刀術【力】,2,3,2,1
精霊の加護,3,納刀術,2,3,2,1
精霊の加護,3,ＫＯ術,2,3,2,1
精霊の加護,3,通常弾・連射矢強化,2,3,1,1
精霊の加護,3,早食い,2,3,2,1
精霊の加護,3,耳栓,2,3,2,1
精霊の加護,3,泡沫の舞,2,3,2,1
精霊の加護,3,回避性能,2,3,2,1
精霊の加護,3,回避距離ＵＰ,2,3,2,1
精霊の加護,3,破壊王,2,3,2,1
精霊の加護,3,広域化,2,3,2,1
精霊の加護,3,火事場力,2,3,1,1
精霊の加護,3,翔蟲使い,3,3,2,1
精霊の加護,3,逆襲,2,3,2,1
精霊の加護,3,高速変形,2,3,2,1
精霊の加護,3,鬼火纏,2,3,1,1
早食い,3,攻撃,2,3,1,1
早食い,3,挑戦者,2,3,1,1
早食い,3,フルチャージ,2,3,1,1
早食い,3,逆恨み,2,3,1,1
早食い,3,死中に活,2,3,1,1
早食い,3,見切り,2,3,1,1
早食い,3,弱点特効,2,3,1,1
早食い,3,力の解放,2,3,1,1
早食い,3,渾身,2,3,1,1
早食い,3,会心撃【属性】,2,3,1,1
早食い,3,麻痺属性強化,2,3,1,1
早食い,3,睡眠属性強化,2,3,1,1
早食い,3,爆破属性強化,2,3,1,1
早食い,3,業物,2,3,1,1
早食い,3,弾丸節約,2,3,1,1
早食い,3,剛刃研磨,2,3,1,1
早食い,3,弾導強化,2,3,1,1
早食い,3,鈍器使い,2,3,2,1
早食い,3,強化持続,2,3,1,1
早食い,3,体術,3,3,2,1
早食い,3,スタミナ急速回復,2,3,1,1
早食い,3,ガード性能,2,3,1,1
早食い,3,抜刀術【力】,2,3,2,1
早食い,3,納刀術,2,3,2,1
早食い,3,ＫＯ術,2,3,2,1
早食い,3,通常弾・連射矢強化,2,3,1,1
早食い,3,精霊の加護,2,3,2,1
早食い,3,耳栓,2,3,2,1
早食い,3,泡沫の舞,2,3,2,1
早食い,3,回避性能,2,3,2,1
早食い,3,回避距離ＵＰ,2,3,2,1
早食い,3,破壊王,2,3,2,1
早食い,3,広域化,2,3,2,1
早食い,3,火事場力,2,3,1,1
早食い,3,翔蟲使い,3,3,2,1
早食い,3,逆襲,2,3,2,1
早食い,3,高速変形,2,3,2,1
早食い,3,鬼火纏,2,3,1,1
耳栓,3,攻撃,2,3,1,1
耳栓,3,挑戦者,2,3,1,1
耳栓,3,フルチャージ,2,3,1,1
耳栓,3,逆恨み,2,3,1,1
耳栓,3,死中に活,2,3,1,1
耳栓,3,見切り,2,3,1,1
耳栓,3,弱点特効,2,3,1,1
耳栓,3,力の解放,2,3,1,1
耳栓,3,渾身,2,3,1,1
耳栓,3,会心撃【属性】,2,3,1,1
耳栓,3,麻痺属性強化,2,3,1,1
耳栓,3,睡眠属性強化,2,3,1,1
耳栓,3,爆破属性強化,2,3,1,1
耳栓,3,業物,2,3,1,1
耳栓,3,弾丸節約,2,3,1,1
耳栓,3,剛刃研磨,2,3,1,1
耳栓,3,弾導強化,2,3,1,1
耳栓,3,鈍器使い,2,3,2,1
耳栓,3,強化持続,2,3,1,1
耳栓,3,体術,3,3,2,1
耳栓,3,スタミナ急速回復,2,3,1,1
耳栓,3,ガード性能,2,3,1,1
耳栓,3,抜刀術【力】,2,3,2,1
耳栓,3,納刀術,2,3,2,1
耳栓,3,ＫＯ術,2,3,2,1
耳栓,3,通常弾・連射矢強化,2,3,1,1
耳栓,3,精霊の加護,2,3,2,1
耳栓,3,早食い,2,3,2,1
耳栓,3,泡沫の舞,2,3,2,1
耳栓,3,回避性能,2,3,2,1
耳栓,3,回避距離ＵＰ,2,3,2,1
耳栓,3,破壊王,2,3,2,1
耳栓,3,広域化,2,3,2,1
耳栓,3,火事場力,2,3,1,1
耳栓,3,翔蟲使い,3,3,2,1
耳栓,3,逆襲,2,3,2,1
耳栓,3,高速変形,2,3,2,1
耳栓,3,鬼火纏,2,3,1,1
泡沫の舞,3,攻撃,2,3,1,1
泡沫の舞,3,挑戦者,2,3,1,1
泡沫の舞,3,フルチャージ,2,3,1,1
泡沫の舞,3,逆恨み,2,3,1,1
泡沫の舞,3,死中に活,2,3,1,1
泡沫の舞,3,見切り,2,3,1,1
泡沫の舞,3,弱点特効,2,3,1,1
泡沫の舞,3,力の解放,2,3,1,1
泡沫の舞,3,渾身,2,3,1,1
泡沫の舞,3,会心撃【属性】,2,3,1,1
泡沫の舞,3,麻痺属性強化,2,3,1,1
泡沫の舞,3,睡眠属性強化,2,3,1,1
泡沫の舞,3,爆破属性強化,2,3,1,1
泡沫の舞,3,業物,2,3,1,1
泡沫の舞,3,弾丸節約,2,3,1,1
泡沫の舞,3,剛刃研磨,2,3,1,1
泡沫の舞,3,弾導強化,2,3,1,1
泡沫の舞,3,鈍器使い,2,3,2,1
泡沫の舞,3,強化持続,2,3,1,1
泡沫の舞,3,体術,3,3,2,1
泡沫の舞,3,スタミナ急速回復,2,3,1,1
泡沫の舞,3,ガード性能,2,3,1,1
泡沫の舞,3,抜刀術【力】,2,3,2,1
泡沫の舞,3,納刀術,2,3,2,1
泡沫の舞,3,ＫＯ術,2,3,2,1
泡沫の舞,3,通常弾・連射矢強化,2,3,1,1
泡沫の舞,3,精霊の加護,2,3,2,1
泡沫の舞,3,早食い,2,3,2,1
泡沫の舞,3,耳栓,2,3,2,1
泡沫の舞,3,回避性能,2,3,2,1
泡沫の舞,3,回避距離ＵＰ,2,3,2,1
泡沫の舞,3,破壊王,2,3,2,1
泡沫の舞,3,広域化,2,3,2,1
泡沫の舞,3,火事場力,2,3,1,1
泡沫の舞,3,翔蟲使い,3,3,2,1
泡沫の舞,3,逆襲,2,3,2,1
泡沫の舞,3,高速変形,2,3,2,1
泡沫の舞,3,鬼火纏,2,3,1,1
回避性能,3,攻撃,2,3,1,1
回避性能,3,挑戦者,2,3,1,1
回避性能,3,フルチャージ,2,3,1,1
回避性能,3,逆恨み,2,3,1,1
回避性能,3,死中に活,2,3,1,1
回避性能,3,見切り,2,3,1,1
回避性能,3,弱点特効,2,3,1,1
回避性能,3,力の解放,2,3,1,1
回避性能,3,渾身,2,3,1,1
回避性能,3,会心撃【属性】,2,3,1,1
回避性能,3,麻痺属性強化,2,3,1,1
回避性能,3,睡眠属性強化,2,3,1,1
回避性能,3,爆破属性強化,2,3,1,1
回避性能,3,業物,2,3,1,1
回避性能,3,弾丸節約,2,3,1,1
回避性能,3,剛刃研磨,2,3,1,1
回避性能,3,弾導強化,2,3,1,1
回避性能,3,鈍器使い,2,3,2,1
回避性能,3,強化持続,2,3,1,1
回避性能,3,体術,3,3,2,1
回避性能,3,スタミナ急速回復,2,3,1,1
回避性能,3,ガード性能,2,3,1,1
回避性能,3,抜刀術【力】,2,3,2,1
回避性能,3,納刀術,2,3,2,1
回避性能,3,ＫＯ術,2,3,2,1
回避性能,3,通常弾・連射矢強化,2,3,1,1
回避性能,3,精霊の加護,2,3,2,1
回避性能,3,早食い,2,3,2,1
回避性能,3,耳栓,2,3,2,1
回避性能,3,泡沫の舞,2,3,2,1
回避性能,3,回避距離ＵＰ,2,3,2,1
回避性能,3,破壊王,2,3,2,1
回避性能,3,広域化,2,3,2,1
回避性能,3,火事場力,2,3,1,1
回避性能,3,翔蟲使い,3,3,2,1
回避性能,3,逆襲,2,3,2,1
回避性能,3,高速変形,2,3,2,1
回避性能,3,鬼火纏,2,3,1,1
回避距離ＵＰ,3,攻撃,2,3,1,1
回避距離ＵＰ,3,挑戦者,2,3,1,1
回避距離ＵＰ,3,フルチャージ,2,3,1,1
回避距離ＵＰ,3,逆恨み,2,3,1,1
回避距離ＵＰ,3,死中に活,2,3,1,1
回避距離ＵＰ,3,見切り,2,3,1,1
回避距離ＵＰ,3,弱点特効,2,3,1,1
回避距離ＵＰ,3,力の解放,2,3,1,1
回避距離ＵＰ,3,渾身,2,3,1,1
回避距離ＵＰ,3,会心撃【属性】,2,3,1,1
回避距離ＵＰ,3,麻痺属性強化,2,3,1,1
回避距離ＵＰ,3,睡眠属性強化,2,3,1,1
回避距離ＵＰ,3,爆破属性強化,2,3,1,1
回避距離ＵＰ,3,業物,2,3,1,1
回避距離ＵＰ,3,弾丸節約,2,3,1,1
回避距離ＵＰ,3,剛刃研磨,2,3,1,1
回避距離ＵＰ,3,弾導強化,2,3,1,1
回避距離ＵＰ,3,鈍器使い,2,3,2,1
回避距離ＵＰ,3,強化持続,2,3,1,1
回避距離ＵＰ,3,体術,3,3,2,1
回避距離ＵＰ,3,スタミナ急速回復,2,3,1,1
回避距離ＵＰ,3,ガード性能,2,3,1,1
回避距離ＵＰ,3,抜刀術【力】,2,3,2,1
回避距離ＵＰ,3,納刀術,2,3,2,1
回避距離ＵＰ,3,ＫＯ術,2,3,2,1
回避距離ＵＰ,3,通常弾・連射矢強化,2,3,1,1
回避距離ＵＰ,3,精霊の加護,2,3,2,1
回避距離ＵＰ,3,早食い,2,3,2,1
回避距離ＵＰ,3,耳栓,2,3,2,1
回避距離ＵＰ,3,泡沫の舞,2,3,2,1
回避距離ＵＰ,3,回避性能,2,3,2,1
回避距離ＵＰ,3,破壊王,2,3,2,1
回避距離ＵＰ,3,広域化,2,3,2,1
回避距離ＵＰ,3,火事場力,2,3,1,1
回避距離ＵＰ,3,翔蟲使い,3,3,2,1
回避距離ＵＰ,3,逆襲,2,3,2,1
回避距離ＵＰ,3,高速変形,2,3,2,1
回避距離ＵＰ,3,鬼火纏,2,3,1,1
破壊王,3,攻撃,2,3,1,1
破壊王,3,挑戦者,2,3,1,1
破壊王,3,フルチャージ,2,3,1,1
破壊王,3,逆恨み,2,3,1,1
破壊王,3,死中に活,2,3,1,1
破壊王,3,見切り,2,3,1,1
破壊王,3,弱点特効,2,3,1,1
破壊王,3,力の解放,2,3,1,1
破壊王,3,渾身,2,3,1,1
破壊王,3,会心撃【属性】,2,3,1,1
破壊王,3,麻痺属性強化,2,3,1,1
破壊王,3,睡眠属性強化,2,3,1,1
破壊王,3,爆破属性強化,2,3,1,1
破壊王,3,業物,2,3,1,1
破壊王,3,弾丸節約,2,3,1,1
破壊王,3,剛刃研磨,2,3,1,1
破壊王,3,弾導強化,2,3,1,1
破壊王,3,鈍器使い,2,3,2,1
破壊王,3,強化持続,2,3,1,1
破壊王,3,体術,3,3,2,1
破壊王,3,スタミナ急速回復,2,3,1,1
破壊王,3,ガード性能,2,3,1,1
破壊王,3,抜刀術【力】,2,3,2,1
破壊王,3,納刀術,2,3,2,1
破壊王,3,ＫＯ術,2,3,2,1
破壊王,3,通常弾・連射矢強化,2,3,1,1
破壊王,3,精霊の加護,2,3,2,1
破壊王,3,早食い,2,3,2,1
破壊王,3,耳栓,2,3,2,1
破壊王,3,泡沫の舞,2,3,2,1
破壊王,3,回避性能,2,3,2,1
破壊王,3,回避距離ＵＰ,2,3,2,1
破壊王,3,広域化,2,3,2,1
破壊王,3,火事場力,2,3,1,1
破壊王,3,翔蟲使い,3,3,2,1
破壊王,3,逆襲,2,3,2,1
破壊王,3,高速変形,2,3,2,1
破壊王,3,鬼火纏,2,3,1,1
幸運,2,攻撃,2,3,1,1
幸運,2,挑戦者,2,3,1,1
幸運,2,フルチャージ,2,3,1,1
幸運,2,逆恨み,2,3,1,1
幸運,2,死中に活,2,3,1,1
幸運,2,見切り,2,3,1,1
幸運,2,弱点特効,2,3,1,1
幸運,2,力の解放,2,3,1,1
幸運,2,渾身,2,3,1,1
幸運,2,会心撃【属性】,2,3,1,1
幸運,2,麻痺属性強化,2,3,1,1
幸運,2,睡眠属性強化,2,3,1,1
幸運,2,爆破属性強化,2,3,1,1
幸運,2,業物,2,3,1,1
幸運,2,弾丸節約,2,3,1,1
幸運,2,剛刃研磨,2,3,1,1
幸運,2,弾導強化,2,3,1,1
幸運,2,鈍器使い,2,3,1,1
幸運,2,強化持続,2,3,1,1
幸運,2,体術,3,3,1,1
幸運,2,スタミナ急速回復,2,3,1,1
幸運,2,ガード性能,2,3,1,1
幸運,2,抜刀術【力】,2,3,1,1
幸運,2,納刀術,2,3,1,1
幸運,2,ＫＯ術,2,3,1,1
幸運,2,通常弾・連射矢強化,2,3,1,1
幸運,2,精霊の加護,2,3,1,1
幸運,2,早食い,2,3,1,1
幸運,2,耳栓,2,3,1,1
幸運,2,泡沫の舞,2,3,1,1
幸運,2,回避性能,2,3,1,1
幸運,2,回避距離ＵＰ,2,3,1,1
幸運,2,破壊王,2,3,1,1
幸運,2,広域化,2,3,1,1
幸運,2,火事場力,2,3,1,1
幸運,2,翔蟲使い,3,3,1,1
幸運,2,逆襲,2,3,1,1
幸運,2,高速変形,2,3,1,1
幸運,2,鬼火纏,2,3,1,1
広域化,3,攻撃,2,3,1,1
広域化,3,挑戦者,2,3,1,1
広域化,3,フルチャージ,2,3,1,1
広域化,3,逆恨み,2,3,1,1
広域化,3,死中に活,2,3,1,1
広域化,3,見切り,2,3,1,1
広域化,3,弱点特効,2,3,1,1
広域化,3,力の解放,2,3,1,1
広域化,3,渾身,2,3,1,1
広域化,3,会心撃【属性】,2,3,1,1
広域化,3,麻痺属性強化,2,3,1,1
広域化,3,睡眠属性強化,2,3,1,1
広域化,3,爆破属性強化,2,3,1,1
広域化,3,業物,2,3,1,1
広域化,3,弾丸節約,2,3,1,1
広域化,3,剛刃研磨,2,3,1,1
広域化,3,弾導強化,2,3,1,1
広域化,3,鈍器使い,2,3,2,1
広域化,3,強化持続,2,3,1,1
広域化,3,体術,3,3,2,1
広域化,3,スタミナ急速回復,2,3,1,1
広域化,3,ガード性能,2,3,1,1
広域化,3,抜刀術【力】,2,3,2,1
広域化,3,納刀術,2,3,2,1
広域化,3,ＫＯ術,2,3,2,1
広域化,3,通常弾・連射矢強化,2,3,1,1
広域化,3,精霊の加護,2,3,2,1
広域化,3,早食い,2,3,2,1
広域化,3,耳栓,2,3,2,1
広域化,3,泡沫の舞,2,3,2,1
広域化,3,回避性能,2,3,2,1
広域化,3,回避距離ＵＰ,2,3,2,1
広域化,3,破壊王,2,3,2,1
広域化,3,火事場力,2,3,1,1
広域化,3,翔蟲使い,3,3,2,1
広域化,3,逆襲,2,3,2,1
広域化,3,高速変形,2,3,2,1
広域化,3,鬼火纏,2,3,1,1
火事場力,3,攻撃,2,3,1,1
火事場力,3,挑戦者,2,3,1,1
火事場力,3,フルチャージ,2,3,1,1
火事場力,3,逆恨み,2,3,1,1
火事場力,3,死中に活,2,3,1,1
火事場力,3,見切り,2,3,1,1
火事場力,3,弱点特効,2,3,1,1
火事場力,3,力の解放,2,3,1,1
火事場力,3,渾身,2,3,1,1
火事場力,3,会心撃【属性】,2,3,1,1
火事場力,3,麻痺属性強化,2,3,1,1
火事場力,3,睡眠属性強化,2,3,1,1
火事場力,3,爆破属性強化,2,3,1,1
火事場力,3,業物,2,3,1,1
火事場力,3,弾丸節約,2,3,1,1
火事場力,3,剛刃研磨,2,3,1,1
火事場力,3,弾導強化,2,3,1,1
火事場力,3,鈍器使い,2,3,1,1
火事場力,3,強化持続,2,3,1,1
火事場力,3,体術,3,3,1,1
火事場力,3,スタミナ急速回復,2,3,1,1
火事場力,3,ガード性能,2,3,1,1
火事場力,3,抜刀術【力】,2,3,1,1
火事場力,3,納刀術,2,3,1,1
火事場力,3,ＫＯ術,2,3,1,1
火事場力,3,通常弾・連射矢強化,2,3,1,1
火事場力,3,精霊の加護,2,3,1,1
火事場力,3,早食い,2,3,1,1
火事場力,3,耳栓,2,3,1,1
火事場力,3,泡沫の舞,2,3,1,1
火事場力,3,回避性能,2,3,1,1
火事場力,3,回避距離ＵＰ,2,3,1,1
火事場力,3,破壊王,2,3,1,1
火事場力,3,広域化,2,3,1,1
火事場力,3,翔蟲使い,3,3,1,1
火事場力,3,逆襲,2,3,1,1
火事場力,3,高速変形,2,3,1,1
火事場力,3,鬼火纏,2,3,1,1
翔蟲使い,3,フルチャージ,2,3,1,1
翔蟲使い,3,死中に活,2,3,1,1
翔蟲使い,3,弱点特効,2,3,1,1
翔蟲使い,3,渾身,2,3,1,1
翔蟲使い,3,会心撃【属性】,2,3,1,1
翔蟲使い,3,麻痺属性強化,2,3,1,1
翔蟲使い,3,睡眠属性強化,2,3,1,1
翔蟲使い,3,爆破属性強化,2,3,1,1
翔蟲使い,3,業物,2,3,1,1
翔蟲使い,3,弾丸節約,2,3,1,1
翔蟲使い,3,剛刃研磨,2,3,1,1
翔蟲使い,3,弾導強化,2,3,1,1
翔蟲使い,3,強化持続,2,3,1,1
翔蟲使い,3,体術,3,3,2,1
翔蟲使い,3,スタミナ急速回復,2,3,1,1
翔蟲使い,3,通常弾・連射矢強化,2,3,1,1
翔蟲使い,3,回避距離ＵＰ,2,3,2,1
逆襲,3,攻撃,2,3,1,1
逆襲,3,挑戦者,2,3,1,1
逆襲,3,フルチャージ,2,3,1,1
逆襲,3,逆恨み,2,3,1,1
逆襲,3,死中に活,2,3,1,1
逆襲,3,見切り,2,3,1,1
逆襲,3,弱点特効,2,3,1,1
逆襲,3,力の解放,2,3,1,1
逆襲,3,渾身,2,3,1,1
逆襲,3,会心撃【属性】,2,3,1,1
逆襲,3,麻痺属性強化,2,3,1,1
逆襲,3,睡眠属性強化,2,3,1,1
逆襲,3,爆破属性強化,2,3,1,1
逆襲,3,業物,2,3,1,1
逆襲,3,弾丸節約,2,3,1,1
逆襲,3,剛刃研磨,2,3,1,1
逆襲,3,弾導強化,2,3,1,1
逆襲,3,鈍器使い,2,3,2,1
逆襲,3,強化持続,2,3,1,1
逆襲,3,体術,3,3,2,1
逆襲,3,スタミナ急速回復,2,3,1,1
逆襲,3,ガード性能,2,3,1,1
逆襲,3,抜刀術【力】,2,3,2,1
逆襲,3,納刀術,2,3,2,1
逆襲,3,ＫＯ術,2,3,2,1
逆襲,3,通常弾・連射矢強化,2,3,1,1
逆襲,3,精霊の加護,2,3,2,1
逆襲,3,早食い,2,3,2,1
逆襲,3,耳栓,2,3,2,1
逆襲,3,泡沫の舞,2,3,2,1
逆襲,3,回避性能,2,3,2,1
逆襲,3,回避距離ＵＰ,2,3,2,1
逆襲,3,破壊王,2,3,2,1
逆襲,3,広域化,2,3,2,1
逆襲,3,火事場力,2,3,1,1
逆襲,3,翔蟲使い,3,3,2,1
逆襲,3,高速変形,2,3,2,1
逆襲,3,鬼火纏,2,3,1,1
高速変形,3,攻撃,2,3,1,1
高速変形,3,挑戦者,2,3,1,1
高速変形,3,フルチャージ,2,3,1,1
高速変形,3,逆恨み,2,3,1,1
高速変形,3,死中に活,2,3,1,1
高速変形,3,見切り,2,3,1,1
高速変形,3,弱点特効,2,3,1,1
高速変形,3,力の解放,2,3,1,1
高速変形,3,渾身,2,3,1,1
高速変形,3,会心撃【属性】,2,3,1,1
高速変形,3,麻痺属性強化,2,3,1,1
高速変形,3,睡眠属性強化,2,3,1,1
高速変形,3,爆破属性強化,2,3,1,1
高速変形,3,業物,2,3,1,1
高速変形,3,剛刃研磨,2,3,1,1
高速変形,3,鈍器使い,2,3,2,1
高速変形,3,強化持続,2,3,1,1
高速変形,3,体術,3,3,2,1
高速変形,3,スタミナ急速回復,2,3,1,1
高速変形,3,ガード性能,2,3,1,1
高速変形,3,抜刀術【力】,2,3,2,1
高速変形,3,納刀術,2,3,2,1
高速変形,3,ＫＯ術,2,3,2,1
高速変形,3,精霊の加護,2,3,2,1
高速変形,3,早食い,2,3,2,1
高速変形,3,耳栓,2,3,2,1
高速変形,3,泡沫の舞,2,3,2,1
高速変形,3,回避性能,2,3,2,1
高速変形,3,回避距離ＵＰ,2,3,2,1
高速変形,3,破壊王,2,3,2,1
高速変形,3,広域化,2,3,2,1
高速変形,3,火事場力,2,3,1,1
高速変形,3,翔蟲使い,3,3,2,1
高速変形,3,逆襲,2,3,2,1
高速変形,3,鬼火纏,2,3,1,1
鬼火纏,2,フルチャージ,2,3,1,1
鬼火纏,2,死中に活,2,3,1,1
鬼火纏,2,弱点特効,2,3,1,1
鬼火纏,2,渾身,2,3,1,1
鬼火纏,2,会心撃【属性】,2,3,1,1
鬼火纏,2,麻痺属性強化,2,3,1,1
鬼火纏,2,睡眠属性強化,2,3,1,1
鬼火纏,2,爆破属性強化,2,3,1,1
鬼火纏,2,業物,2,3,1,1
鬼火纏,2,弾丸節約,2,3,1,1
鬼火纏,2,剛刃研磨,2,3,1,1
鬼火纏,2,弾導強化,2,3,1,1
鬼火纏,2,強化持続,2,3,1,1
鬼火纏,2,体術,3,3,1,1
鬼火纏,2,スタミナ急速回復,2,3,1,1
鬼火纏,2,通常弾・連射矢強化,2,3,1,1
鬼火纏,2,回避距離ＵＰ,2,3,1,1
鬼火纏,2,翔蟲使い,3,3,1,1
